5.67
0.82
0.74
0.74
0.71
0.50
0.72
0.39
1.36
0.75
2.45
2.75
1.51
1.93
1.34
1.37
2.28
1.49
1.45
2.72
2.38
2.67
1.74
1.31
0.98
1.14
1.42
0.90
2.22
1.10
0.70
1.06
1.08
1.58
2.90
1.72
1.39
1.63
1.47
1.37
1.60
1.11
1.62
1.40
1.42
1.64
1.44
1.21
2.22
1.10
1.22
0.98
0.89
0.57
2.45
1.67
1.47
0.89
2.09
0.86
1.03
1.19
0.80
1.20
1.11
1.35
1.16
0.90
2.34
1.19
1.97
1.22
1.28
2.31
7.50
3.05
0.40
0.55
2.85
1.43
6.27
3.61
1.63
1.30
6.16
1.03
0.90
1.18
3.78
1.28
1.39
6.33
1.38
1.25
9.96
6.09
1.86
1.45
1.60
8.03
0.93
1.12
12.03
5.47
4.21
5.76
1.06
5.39
2.13
1.98
2.05
2.01
2.66
2.07
2.05
1.99
1.63
3.73
4.18
3.02
2.32
2.21
2.66
1.76
2.09
2.16
2.15
2.54
1.85
2.30
2.26
1.07
1.36
0.85
0.99
1.39
1.54
1.28
1.78
1.15
1.44
1.23
1.18
1.27
1.74
1.58
1.35
1.32
0.95
1.48
1.67
1.17
