	?股票代码	?股票简称	?申购代码	?发行总数（万股）	?网上发行（万股）	?申购上限（万股）	?发行价格	?发行市盈率	?行业市盈率	?申购日期	?冻结资金（亿元）	?询价累计报价倍数	?中签率（%）	?每中一签（万元）	?中签号	?上市日期	?打新收益（元）	?涨停数量	新股详情	收益率/%
1	2736	国信证券	2736	120000	60000	36	5.83	22.97	60.45	12-19周五	1946	41	1.8	16	24-Dec	29-Dec	9070	11	详细?公告	5.67
2	300412	迦南科技	300412	1340	1206	0.5	13.6	22.78	41.18	12-19周五	360	71	0.45	150	查看	31-Dec	12280	7	详细?公告	0.82
3	300411	金盾股份	300411	2000	1800	0.8	12.8	22.92	48.07	12-19周五	484	53	0.48	134	查看	31-Dec	9925	6	详细?公告	0.74
4	300410	正业科技	300410	1500	1350	0.6	10.79	22.96	52.61	12-19周五	353	84	0.41	131	查看	31-Dec	9745	7	详细?公告	0.74
5	2738	中矿资源	2738	3000	2700	1.2	7.57	22.98	42.78	12-19周五	515	60	0.4	96	查看	30-Dec	6840	7	详细?公告	0.71
6	603017	园区设计	732017	1500	1350	0.6	29.97	22.88	42.78	12-22周一	740	34	0.55	548	查看	31-Dec	27480	3	详细?公告	0.50
7	603636	南威软件	732636	2500	2250	1	14.95	22.96	74.41	12-22周一	849	77	0.4	377	查看	30-Dec	27020	7	详细?公告	0.72
8	603889	新澳股份	732889	2668	2401	1	17.95	21.63	33.42	12-23周二	1006	87	0.43	419	查看	31-Dec	16460	3	详细?公告	0.39
9	601021	春秋航空	780021	10000	9000	4	18.16	22.96	21.21	01-12周一	2505	52	0.65	278	查看	21-Jan	37910	8	详细?公告	1.36
10	603788	宁波高发	732788	3420	3078	1.3	10.28	19.4	18.13	01-12周一	1015	61	0.31	330	查看	20-Jan	24610	9	详细?公告	0.75
11	300418	昆仑万维	300418	7000	6300	2.8	20.3	22.99	120.89	01-13周二	1660	88	0.77	132	查看	21-Jan	32350	12	详细?公告	2.45
12	300413	快乐购	300413	7000	6300	2.1	9.06	22.89	30.17	01-13周二	726	99	0.79	58	查看	21-Jan	15960	12	详细?公告	2.75
13	603678	火炬电子	732678	4160	3744	1.6	10.38	15.04	51.63	01-14周三	619	76	0.63	165	查看	26-Jan	24900	9	详细?公告	1.51
14	300417	南华仪器	300417	1020	918	0.4	16.08	22.65	49.71	01-14周三	208	71	0.71	114	查看	23-Jan	21990	10	详细?公告	1.93
15	603611	诺力股份	732611	2000	1800	0.8	18.37	21.36	49.22	01-14周三	437	62	0.75	243	查看	28-Jan	32630	7	详细?公告	1.34
16	603601	再升科技	732601	1700	1530	0.6	7.9	22.34	24.27	01-14周三	274	102	0.44	179	查看	22-Jan	24490	12	详细?公告	1.37
17	300415	伊之密	300415	3000	2700	1.2	13.32	22.69	42.21	01-14周三	331	46	1.08	61	查看	23-Jan	13900	8	详细?公告	2.28
18	2734	利民股份	2734	2500	2250	1	10.69	22.98	36.7	01-14周三	336	46	0.71	75	查看	27-Jan	11150	8	详细?公告	1.49
19	2740	爱迪尔	2740	2500	2250	1	16.48	18.52	27.96	01-14周三	393	19	0.94	88	查看	22-Jan	12775	6	详细?公告	1.45
20	2739	万达院线	2739	6000	5400	1.8	21.35	22.96	65.18	01-14周三	1337	108	0.86	124	查看	22-Jan	33765	12	详细?公告	2.72
21	300364	中文在线	300364	3000	2700	1.2	6.81	22.87	33.85	01-14周三	347	106	0.53	64	查看	21-Jan	15230	14	详细?公告	2.38
22	601069	西部黄金	780069	12600	11340	3.7	3.57	22.31	48.39	01-14周三	532	70	0.76	47	查看	22-Jan	12550	12	详细?公告	2.67
23	300419	浩丰科技	300419	1030	927	0.4	28.81	22.94	72.48	01-15周四	476	69	0.56	257	查看	22-Jan	44770	11	详细?公告	1.74
24	603899	晨光文具	732899	6000	5400	1.8	13.15	22.99	70.83	01-15周四	1028	73	0.69	190	查看	27-Jan	24850	8	详细?公告	1.31
25	603686	龙马环卫	732686	3335	3001	1.3	14.86	21.23	42.08	01-15周四	858	80	0.52	286	查看	26-Jan	28140	9	详细?公告	0.98
26	603600	永艺股份	732600	2500	2250	1	10.22	22.71	34.61	01-15周四	508	57	0.45	226	查看	23-Jan	25780	10	详细?公告	1.14
27	300416	苏试试验	300416	1570	1413	0.6	11.48	22.96	49.16	01-15周四	356	89	0.45	126	查看	22-Jan	17840	11	详细?公告	1.42
28	603558	健盛集团	732558	2000	1800	0.8	19.25	22.92	27.96	01-15周四	506	40	0.68	282	查看	27-Jan	25390	5	详细?公告	0.90
29	603799	华友钴业	732799	9100	8190	2.7	4.77	22.94	38.67	01-16周五	731	123	0.53	89	查看	29-Jan	19730	14	详细?公告	2.22
30	603698	航天工程	732698	8230	7407	2.4	12.52	22.97	40.55	01-16周五	1525	95	0.61	206	查看	28-Jan	22600	7	详细?公告	1.10
31	2741	光华科技	2741	3000	2700	1.2	12.31	22.8	38.2	02-09周一	835	97	0.4	155	查看	16-Feb	10845	7	详细?公告	0.70
32	300425	环能科技	300425	1800	1620	0.7	15.21	22.97	41.67	02-09周一	651	120	0.38	201	查看	16-Feb	21390	11	详细?公告	1.06
33	2746	仙坛股份	2746	3985	3586	1.55	5.28	22.96	110.1	02-09周一	484	108	0.39	67	查看	16-Feb	7215	10	详细?公告	1.08
34	2743	富煌钢构	2743	3034	2730	1.2	7.22	22.91	40.04	02-10周二	255	43	0.77	47	查看	17-Feb	7415	9	详细?公告	1.58
35	300422	博世科	300422	1550	1395	0.6	10	22.97	55.97	02-10周二	240	112	0.58	86	查看	17-Feb	24950	16	详细?公告	2.90
36	300427	红相电力	300427	2217	1995	0.85	10.46	18.34	31.52	02-10周二	218	58	0.96	55	查看	17-Feb	9455	7	详细?公告	1.72
37	300421	力星股份	300421	2800	2520	1.1	9.13	22.83	51.3	02-10周二	258	44	0.89	51	查看	17-Feb	7090	6	详细?公告	1.39
38	300423	鲁亿通	300423	2200	1980	0.85	10.3	22.89	31.47	02-10周二	225	57	0.9	57	查看	17-Feb	9295	7	详细?公告	1.63
39	2745	木林森	2745	4450	4005	1.25	21.5	22.5	53.19	02-10周二	757	67	1.14	95	查看	17-Feb	13990	5	详细?公告	1.47
40	2742	三圣特材	2742	2400	2160	0.95	20.37	19.59	24.65	02-10周二	418	27	1.05	97	查看	17-Feb	13315	5	详细?公告	1.37
41	300426	唐德影视	300426	2000	1800	0.8	22.83	22.96	63.53	02-10周二	798	86	0.51	222	查看	17-Feb	35470	11	详细?公告	1.60
42	300394	天孚通信	300394	1859	1371	0.7	21.41	18.78	53.19	02-10周二	478	91	0.61	174	查看	17-Feb	19325	7	详细?公告	1.11
43	300420	五洋科技	300420	2000	1800	0.8	8.27	22.59	51.3	02-10周二	217	55	0.68	61	查看	17-Feb	9865	9	详细?公告	1.62
44	603618	杭电股份	732618	5335	4801	2.1	11.65	22.84	31.52	02-10周二	500	35	1.12	104	查看	17-Feb	14530	6	详细?公告	1.40
45	603939	益丰药房	732939	4000	3600	1.6	19.47	22.93	30.91	02-10周二	759	73	0.92	211	查看	17-Feb	30030	6	详细?公告	1.42
46	603898	好莱客	732898	2450	2205	0.9	19.57	19	36.4	02-10周二	475	88	0.91	216	查看	17-Feb	35350	7	详细?公告	1.64
47	603118	共进股份	732118	7500	6750	3	11.95	19.27	53.19	02-10周二	867	67	0.93	129	查看	25-Feb	18530	6	详细?公告	1.44
48	603222	济民制药	732222	4000	3600	1.6	7.36	22.96	42.76	02-10周二	491	66	0.54	137	查看	17-Feb	16540	9	详细?公告	1.21
49	601198	东兴证券	780198	50000	45000	15	9.18	22.97	76.88	02-10周二	2865	76	1.44	64	查看	26-Feb	14220	7	详细?公告	2.22
50	603309	维力医疗	732309	2500	2250	1	15.4	22.87	41.67	02-10周二	568	102	0.61	253	查看	2-Mar	27820	7	详细?公告	1.10
51	603969	银龙股份	732969	5000	4500	2	13.79	22.61	40.07	02-11周三	560	58	1.11	125	查看	27-Feb	15290	4	详细?公告	1.22
52	603828	柯利达	732828	3000	2700	1.2	17.2	22.93	27.79	02-11周三	485	71	0.96	180	查看	26-Feb	17710	4	详细?公告	0.98
53	603015	弘讯科技	732015	5010	4509	2	10.6	22.97	31.52	02-11周三	669	73	0.71	149	查看	3-Mar	13270	5	详细?公告	0.89
54	603997	继峰股份	732997	6000	5400	1.8	7.97	17.33	19.82	02-12周四	945	167	0.46	175	查看	2-Mar	9910	6	详细?公告	0.57
55	300433	蓝思科技	300433	6736	6062	1.9	22.99	22.98	56.48	03-10周二	2125	80	0.66	175	查看	18-Mar	42945	13	详细?公告	2.45
56	603729	龙韵股份	732729	1667	1500	0.6	26.61	22.55	49.05	03-11周三	742	80	0.54	495	查看	24-Mar	82740	11	详细?公告	1.67
57	601689	拓普集团	780689	12910	11619	3.8	11.37	19.81	20.48	03-11周三	1163	37	1.14	100	查看	19-Mar	14690	5	详细?公告	1.47
58	603519	立霸股份	732519	2000	1800	0.8	13.69	20.13	41.26	03-11周三	429	42	0.57	239	查看	19-Mar	21240	6	详细?公告	0.89
59	600958	东方证券	730958	100000	70000	30	10.03	22.98	75.3	03-11周三	4324	80	1.62	62	查看	23-Mar	12950	5	详细?公告	2.09
60	603268	松发股份	732268	2200	1980	0.8	11.66	22.86	46.13	03-11周三	391	35	0.59	198	查看	19-Mar	17100	6	详细?公告	0.86
61	300374	恒通科技	300374	2434	2190	0.95	13.21	22.94	24.8	03-11周三	433	33	0.67	99	查看	19-Mar	10195	6	详细?公告	1.03
62	300432	富临精工	300432	3000	2700	1.2	13.97	12.86	20.48	03-11周三	661	63	0.57	122	查看	19-Mar	14575	8	详细?公告	1.19
63	2748	世龙实业	2748	3000	2700	1.2	15.38	22.96	40.08	03-11周三	685	31	0.61	127	查看	19-Mar	10150	6	详细?公告	0.80
64	300428	四通新材	300428	2020	1818	0.8	14.71	22.98	39.41	03-11周三	405	55	0.66	111	查看	19-Mar	13280	7	详细?公告	1.20
65	300430	诚益通	300430	1520	1370	0.6	18.91	22.89	52.74	03-11周三	487	69	0.53	178	查看	19-Mar	19745	8	详细?公告	1.11
66	603012	创力集团	732012	7960	7164	3.1	13.56	22.96	42.65	03-12周四	796	36	1.22	111	查看	20-Mar	15030	4	详细?公告	1.35
67	2750	龙津药业	2750	1675	1507	0.65	21.21	22.99	43.94	03-12周四	496	26	0.64	165	查看	24-Mar	19155	7	详细?公告	1.16
68	2749	国光股份	2749	1875	1350	0.75	26.92	16.47	40.26	03-12周四	528	54	0.69	196	查看	20-Mar	17635	6	详细?公告	0.90
69	603869	北部湾旅	732869	5406	4865	2.1	5.03	21.33	24.12	03-12周四	465	58	0.53	96	查看	26-Mar	22470	14	详细?公告	2.34
70	603158	腾龙股份	732158	2667	2400	1	14.53	17.51	20.48	03-12周四	386	53	0.9	161	查看	20-Mar	19090	5	详细?公告	1.19
71	603199	九华旅游	732199	2768	2491	1	12.08	20.47	24.12	03-12周四	416	35	0.72	167	查看	26-Mar	32890	10	详细?公告	1.97
72	603020	爱普股份	732020	4000	3600	1.2	20.47	22.94	41.16	03-12周四	635	60	1.16	176	查看	25-Mar	21530	4	详细?公告	1.22
73	603030	全筑股份	732030	4000	3600	1.6	9.85	22.91	31.16	03-12周四	427	57	0.83	119	查看	20-Mar	15290	6	详细?公告	1.28
74	300429	强力新材	300429	2000	1800	0.8	15.89	18.67	40.08	03-12周四	384	42	0.74	107	查看	24-Mar	24715	11	详细?公告	2.31
75	300431	暴风科技	300431	3000	2700	1.2	7.14	22.97	147.49	03-12周四	561	122	0.34	104	查看	24-Mar	77980	29	详细?公告	7.50
76	2747	埃斯顿	2747	3000	2700	1.2	6.8	22.67	52.73	03-12周四	469	92	0.39	87	查看	20-Mar	26560	19	详细?公告	3.05
77	603338	浙江鼎力	732338	1625	1462	0.6	29.56	21.34	42.65	03-13周五	1199	223	0.36	820	查看	25-Mar	32770	4	详细?公告	0.40
78	300435	中泰股份	300435	2000	1800	0.8	14.73	18.09	56	03-18周三	1494	251	0.18	415	查看	26-Mar	22895	11	详细?公告	0.55
79	300449	汉邦高科	300449	1770	1593	0.7	17.76	22.98	63.87	04-13周一	1446	176	0.2	454	查看	22-Apr	129615	25	详细?公告	2.85
80	2752	N兴股份	2752	6000	5400	1.8	5.74	22.96	48.1	04-14周二	588	88	0.53	55	查看	22-Apr	7855	10	详细?公告	1.43
81	300424	航新科技	300424	3327	2994	1.3	11.68	21.63	61.87	04-14周二	812	133	0.43	136	查看	22-Apr	85305	25	详细?公告	6.27
82	300436	广生堂	300436	1750	1260	0.7	21.47	18.67	50.12	04-14周二	891	190	0.3	354	查看	22-Apr	127710	23	详细?公告	3.61
83	300439	美康生物	300439	2834	2550	1	27.51	22.98	50.12	04-14周二	1177	121	0.6	231	查看	22-Apr	37615	10	详细?公告	1.63
84	603883	老百姓	732883	6700	6030	2.6	16.41	22.52	38.48	04-14周二	1820	125	0.54	302	查看	23-Apr	39330	9	详细?公告	1.30
85	300445	康斯特	300445	1020	918	0.4	18.12	22.98	66.37	04-14周二	321	103	0.52	175	查看	24-Apr	107755	23	详细?公告	6.16
86	603789	星光农机	732789	5000	4500	2	11.23	21.19	49.47	04-14周二	761	72	0.66	169	查看	27-Apr	17430	7	详细?公告	1.03
87	603703	盛洋科技	732703	2300	2070	0.9	11.32	22.98	37.16	04-14周二	519	78	0.45	251	查看	23-Apr	22680	9	详细?公告	0.90
88	603567	珍宝岛	732567	6458	5812	1.8	23.6	22.91	50.12	04-14周二	1655	85	0.83	285	查看	24-Apr	33510	7	详细?公告	1.18
89	603318	派思股份	732318	3010	2709	1.2	6.52	22.97	49.47	04-14周二	554	113	0.32	205	查看	24-Apr	77580	23	详细?公告	3.78
90	300443	金雷风电	300443	1407	1013	0.55	31.94	19.66	49.47	04-14周二	599	126	0.54	296	查看	22-Apr	37820	10	详细?公告	1.28
91	603025	大豪科技	732025	5100	4590	1.5	11.17	22.98	63.87	04-14周二	829	81	0.62	181	查看	22-Apr	25200	9	详细?公告	1.39
92	300447	全信股份	300447	2025	1822	0.8	12.91	22.3	37.1	04-14周二	544	138	0.43	149	查看	22-Apr	94355	25	详细?公告	6.33
93	603818	曲美股份	732818	6052	5446	2.4	8.98	22.99	43.57	04-14周二	850	77	0.57	156	查看	22-Apr	21460	9	详细?公告	1.38
94	603808	歌力思	732808	4000	3600	1.6	19.16	22.96	37.16	04-14周二	857	76	0.8	238	查看	22-Apr	29720	6	详细?公告	1.25
95	300446	乐凯新材	300446	1540	1386	0.6	8.85	7.11	46.98	04-15周三	268	111	0.46	97	查看	23-Apr	96610	29	详细?公告	9.96
96	300448	浩云科技	300448	2000	1800	0.8	15.79	22.88	118.74	04-15周三	614	143	0.46	171	查看	24-Apr	104095	24	详细?公告	6.09
97	300441	鲍斯股份	300441	2112	1900	0.8	9.81	22.81	61.39	04-15周三	272	76	0.68	72	查看	23-Apr	13415	10	详细?公告	1.86
98	300440	运达科技	300440	2800	2520	1.1	21.7	22.97	118.74	04-15周三	902	92	0.61	179	查看	23-Apr	26000	9	详细?公告	1.45
99	300444	双杰电气	300444	3448	3103	1.3	12.13	22.89	37.1	04-15周三	489	79	0.77	79	查看	23-Apr	12665	8	详细?公告	1.60
100	300437	清水源	300437	1670	1503	0.6	10.53	19.3	46.53	04-15周三	318	151	0.5	106	查看	23-Apr	85160	26	详细?公告	8.03
101	603315	福鞍股份	732315	2500	2250	1	10.77	22.91	61.39	04-15周三	513	95	0.47	228	查看	24-Apr	21110	8	详细?公告	0.93
102	603021	山东华鹏	732021	2640	2376	1	8.73	22.97	54.53	04-15周三	443	90	0.47	187	查看	23-Apr	20900	9	详细?公告	1.12
103	600959	江苏有线	730959	59700	53730	17.7	5.47	22.98	53.15	04-15周三	2372	118	1.24	44	查看	28-Apr	52930	21	详细?公告	12.03
104	2751	易尚展示	2751	1756	1580	0.65	10.48	22.98	44.96	04-16周四	489	138	0.34	155	查看	24-Apr	84725	26	详细?公告	5.47
105	300404	博济医药	300404	1667	1500	0.65	12.87	22.98	68.93	04-16周四	642	246	0.3	214	查看	24-Apr	90065	26	详细?公告	4.21
106	300434	金石东方	300434	1700	1530	0.65	10.57	22.98	49.47	04-16周四	371	147	0.44	121	查看	24-Apr	69695	24	详细?公告	5.76
107	300442	普丽盛	300442	2500	2250	1	19.17	22.55	48.1	04-16周四	696	143	0.62	155	查看	24-Apr	16415	7	详细?公告	1.06
108	300438	鹏辉能源	300438	2100	1890	0.8	14.87	22.99	37.1	04-16周四	618	183	0.45	164	查看	24-Apr	88415	23	详细?公告	5.39
109	300460	惠伦晶体	300460	4208	3787	1.55	6.43	22.96	70.42	05-05周二	718	204	0.34	95	查看	15-May	20205	17	详细?公告	2.13
110	300459	浙江金科	300459	2650	2385	1.05	7.84	22.97	52.34	05-05周二	569	172	0.33	119	查看	15-May	23580	17	详细?公告	1.98
111	300457	赢合科技	300457	1950	1755	0.75	12.41	20.34	70.42	05-05周二	659	232	0.33	188	查看	14-May	38525	19	详细?公告	2.05
112	2756	永兴特钢	2756	5000	4500	2	21.74	17.97	61.16	05-05周二	2044	177	0.48	227	查看	15-May	45630	14	详细?公告	2.01
113	300451	创业软件	300451	1700	1530	0.65	14.02	22.98	138.26	05-05周二	1062	346	0.2	347	查看	14-May	92460	25	详细?公告	2.66
114	300452	山河药辅	300452	1160	1044	0.45	14.96	22.99	57.07	05-05周二	528	237	0.3	253	查看	15-May	52415	18	详细?公告	2.07
115	300414	中光防雷	300414	2107	1896	0.8	14.74	13.24	70.42	05-05周二	932	202	0.3	246	查看	13-May	50420	19	详细?公告	2.05
116	603355	莱克电气	732355	4100	3690	1.2	19.08	22.99	42.88	05-05周二	1781	165	0.4	483	查看	13-May	95920	16	详细?公告	1.99
117	603599	广信股份	732599	4706	4235	1.8	16.11	20.62	52.34	05-05周二	2160	165	0.32	510	查看	13-May	82880	16	详细?公告	1.63
118	300455	康拓红外	300455	3500	3150	1.4	6.88	18.11	70.82	05-06周三	626	177	0.35	99	查看	15-May	36905	22	详细?公告	3.73
119	300458	全志科技	300458	4000	3600	1.6	12.73	19.89	70.42	05-06周三	1057	199	0.43	147	查看	15-May	61450	21	详细?公告	4.18
120	300456	耐威科技	300456	2100	1890	0.8	14.01	22.98	70.42	05-06周三	685	216	0.39	181	查看	14-May	54685	19	详细?公告	3.02
121	300453	三鑫医疗	300453	1986	1787	0.75	12.87	22.98	56.63	05-06周三	557	181	0.41	156	查看	15-May	36135	17	详细?公告	2.32
122	2755	东方新星	2755	2534	2280	1	7.49	20.49	24.89	05-06周三	540	163	0.32	119	查看	15-May	26270	18	详细?公告	2.21
123	300450	先导股份	300450	1700	1530	0.65	21.21	22.98	56.63	05-06周三	683	176	0.47	224	查看	18-May	59565	16	详细?公告	2.66
124	603022	新通联	732022	2000	1800	0.8	14.31	22.98	78.41	05-06周三	713	144	0.36	397	查看	18-May	69690	15	详细?公告	1.76
125	603227	雪峰科技	732227	8235	7411	3.2	4.98	22.95	52.34	05-06周三	1239	173	0.3	167	查看	15-May	34940	18	详细?公告	2.09
126	603718	海利生物	732718	7000	6300	2.8	6.81	21.28	57.07	05-06周三	1393	148	0.31	221	查看	15-May	47760	18	详细?公告	2.16
127	603311	金海环境	732311	5250	4725	2.1	5.39	22.99	57.13	05-07周四	850	212	0.3	180	查看	18-May	38610	23	详细?公告	2.15
128	603989	艾华集团	732989	5000	4500	2	20.74	22.99	70.82	05-07周四	1456	145	0.64	324	查看	15-May	82430	13	详细?公告	2.54
129	2753	永东股份	2753	2470	2223	0.95	13.56	22.99	52.34	05-07周四	729	186	0.41	164	查看	19-May	30310	14	详细?公告	1.85
130	603968	醋化股份	732968	2556	2300	1	19.58	22.98	52.34	05-07周四	775	184	0.58	337	查看	18-May	77400	14	详细?公告	2.30
131	603566	普莱柯	732566	4000	3600	1.6	15.52	18.89	57.07	05-07周四	1104	205	0.51	307	查看	18-May	69390	14	详细?公告	2.26
132	300461	田中精机	300461	1668	1501	0.65	7.92	22.98	58.14	05-11周一	961	319	0.12	320	查看	19-May	34390	20	详细?公告	1.07
133	300468	四方精创	300468	2500	2250	1	18.76	22.98	141.23	05-19周二	1554	254	0.27	345	查看	27-May	47055	16	详细?公告	1.36
134	603598	引力传媒	732598	3334	3000	1.2	7.2	22.96	67.49	05-19周二	1277	291	0.17	426	查看	27-May	36140	16	详细?公告	0.85
135	300467	迅游科技	300467	1000	900	0.4	33.75	22.99	205.65	05-19周二	1544	336	0.2	858	查看	27-May	84650	16	详细?公告	0.99
136	300466	赛摩电气	300466	2000	1800	0.8	10.25	22.99	85.53	05-19周二	595	160	0.31	165	查看	28-May	22920	15	详细?公告	1.39
137	603885	吉祥航空	732885	6800	6120	2	11.18	22.98	36.71	05-19周二	2236	213	0.31	365	查看	27-May	56070	16	详细?公告	1.54
138	300463	迈克生物	300463	4650	3375	1.85	27.96	22.99	58.68	05-19周二	2930	184	0.32	434	查看	28-May	55535	13	详细?公告	1.28
139	300462	华铭智能	300462	1722	1549	0.5	14.25	22.97	66.24	05-19周二	622	193	0.35	201	查看	27-May	35720	15	详细?公告	1.78
140	2758	华通医药	2758	1400	1260	0.55	18.04	22.98	54.12	05-19周二	886	181	0.26	352	查看	27-May	40305	14	详细?公告	1.15
141	2757	南兴装备	2757	2734	2460	1.05	12.94	22.98	66.24	05-19周二	983	155	0.32	200	查看	27-May	28895	14	详细?公告	1.44
142	2759	天际股份	2759	2400	2160	0.95	12.02	20.16	42.94	05-19周二	825	148	0.31	191	查看	28-May	23490	14	详细?公告	1.23
143	603108	润达医疗	732108	2360	2124	0.8	17	22.97	54.12	05-19周二	1290	252	0.28	607	查看	27-May	71400	15	详细?公告	1.18
144	603023	威帝股份	732023	2000	1800	0.8	13.25	14.46	71.55	05-19周二	901	221	0.26	501	查看	27-May	63750	15	详细?公告	1.27
145	603568	伟明环保	732568	4580	4122	1.3	11.27	22.97	77.88	05-20周三	1008	215	0.46	245	查看	28-May	42730	14	详细?公告	1.74
146	603669	灵康药业	732669	6500	5850	2.6	11.7	22.98	58.68	05-20周三	1653	188	0.41	283	查看	28-May	44700	14	详细?公告	1.58
147	603901	永创智能	732901	2500	2250	1	15.81	22.91	66.24	05-20周三	1016	169	0.35	452	查看	29-May	61190	13	详细?公告	1.35
148	300465	高伟达	300465	3334	3000	1.2	11.26	22.93	141.23	05-20周三	1145	284	0.3	191	查看	28-May	25135	15	详细?公告	1.32
149	603918	金桥信息	732918	2200	1980	0.8	9.5	22.99	141.23	05-20周三	882	245	0.21	446	查看	28-May	42450	15	详细?公告	0.95
150	603300	华铁科技	732300	5067	4560	2	8.22	22.98	0	05-20周三	1007	177	0.37	221	查看	29-May	32660	13	详细?公告	1.48
151	603198	迎驾贡酒	732198	8000	7200	2.4	11.8	19.4	21.76	05-20周三	1213	152	0.7	169	查看	28-May	28270	9	详细?公告	1.67
152	603026	石大胜华	732026	5068	4561	1.8	6.51	32.55	53.34	05-21周四	1004	258	0.3	220	查看	29-May	25840	14	详细?公告	1.17
																				
																				
																				
																				
																				
																				
																				
																				
																				
																				
																				
																				
																				
																				
																				
																				
																				
																				
																				
																				
																				
																				
																				
